[36697, 63359, 95715, 104015, 137372, 160775, 219637, 266966, 335815, 361722, 454124, 480333, 489493, 525813, 559453, 593285, 640539, 642676, 727912, 758084, 759065, 789240, 834769, 856317, 873102]
Current Time in Milliseconds = 1605226121315

[70271, 91770, 96124, 101602, 136093, 228585, 255071, 358400, 364204, 384982, 387945, 398420, 408628, 427753, 434126, 452577, 482445, 490747, 602921, 652075, 719073, 817687, 821795, 829467, 983731]
Current Time in Milliseconds = 1605226121315

[45845, 102731, 114686, 292662, 316110, 394705, 422897, 428728, 433263, 455485, 457000, 536748, 616552, 622471, 713081, 745845, 769417, 770822, 813735, 830104, 880658, 919439, 954323, 967325, 996467]
Current Time in Milliseconds = 1605226121315

[61202, 63536, 77708, 121086, 123274, 175614, 346977, 390978, 471064, 494358, 508552, 560461, 561728, 614262, 673448, 681304, 698901, 741531, 751674, 761332, 837639, 899256, 917088, 971707, 973568]
Current Time in Milliseconds = 1605226121316

[5199, 12863, 20607, 112506, 168012, 235236, 238677, 283628, 330005, 375741, 410687, 436446, 438150, 608108, 696273, 744521, 768807, 806804, 837835, 878789, 911206, 937362, 942868, 950662, 978915]
Current Time in Milliseconds = 1605226121316

[20378, 50667, 56063, 129063, 130024, 189147, 217057, 239211, 260142, 272643, 272956, 276711, 301917, 307600, 377485, 399073, 412628, 481188, 482370, 547017, 581013, 739406, 760859, 801501, 922175]
Current Time in Milliseconds = 1605226121317

[19393, 43143, 124996, 156109, 238813, 267105, 295150, 311551, 334626, 398297, 405244, 453725, 478493, 549228, 567264, 628905, 748159, 754697, 756235, 795291, 796216, 861855, 917804, 958066, 981229]
Current Time in Milliseconds = 1605226121317

[30285, 86210, 97888, 118493, 124447, 156354, 364992, 428365, 437099, 459283, 589216, 601869, 621655, 629862, 658769, 659146, 677744, 681964, 723050, 727120, 787954, 824116, 839953, 871607, 946927]
Current Time in Milliseconds = 1605226121317

[29382, 31336, 117618, 151506, 230136, 242774, 281459, 322235, 347976, 348116, 366531, 408252, 445112, 675990, 682151, 694117, 707883, 715445, 724358, 737791, 836784, 842877, 941445, 953595, 993287]
Current Time in Milliseconds = 1605226121318

[45822, 58290, 73061, 178487, 181760, 215362, 418275, 434494, 471404, 546748, 557204, 628768, 629103, 663521, 669101, 709524, 737118, 745426, 811556, 838544, 852437, 862968, 870545, 937498, 959923]
Current Time in Milliseconds = 1605226121318

