[0, 31, 88, 166, 231, 332, 348, 386, 405, 406, 507, 604, 610, 631, 638, 659, 661, 720, 747, 768, 842, 853, 875, 981, 996]
Current Time in Milliseconds = 1605226121288

[31, 117, 157, 210, 227, 280, 297, 326, 340, 345, 361, 373, 385, 446, 495, 650, 698, 704, 768, 787, 840, 880, 882, 898, 956]
Current Time in Milliseconds = 1605226121288

[18, 37, 38, 46, 47, 147, 163, 195, 196, 327, 346, 357, 393, 408, 453, 531, 573, 586, 599, 624, 670, 826, 911, 948, 989]
Current Time in Milliseconds = 1605226121288

[17, 73, 145, 155, 177, 223, 246, 266, 279, 298, 330, 388, 429, 447, 465, 477, 488, 698, 728, 797, 830, 833, 834, 976, 985]
Current Time in Milliseconds = 1605226121289

[10, 21, 24, 66, 119, 135, 185, 230, 260, 326, 331, 363, 424, 448, 497, 517, 545, 567, 576, 618, 709, 724, 756, 846, 859]
Current Time in Milliseconds = 1605226121289

[4, 63, 70, 99, 167, 182, 193, 233, 240, 244, 279, 304, 307, 314, 387, 424, 449, 484, 545, 608, 689, 715, 914, 936, 988]
Current Time in Milliseconds = 1605226121290

[34, 239, 265, 273, 283, 326, 340, 355, 359, 363, 379, 420, 425, 466, 469, 489, 730, 742, 769, 795, 814, 839, 847, 849, 855]
Current Time in Milliseconds = 1605226121290

[10, 11, 102, 117, 119, 145, 322, 378, 403, 414, 439, 446, 468, 491, 495, 522, 591, 671, 702, 753, 777, 787, 887, 954, 972]
Current Time in Milliseconds = 1605226121291

[4, 8, 14, 92, 107, 133, 138, 226, 278, 330, 401, 514, 546, 595, 624, 733, 735, 756, 769, 868, 909, 920, 945, 962, 983]
Current Time in Milliseconds = 1605226121291

[17, 38, 62, 79, 132, 152, 256, 344, 351, 359, 368, 506, 566, 631, 656, 711, 744, 798, 820, 825, 827, 834, 839, 853, 954]
Current Time in Milliseconds = 1605226121291

