[3261, 8381, 8722, 13734, 22666, 23552, 27514, 28729, 32810, 50835, 52308, 53448, 56282, 58274, 58858, 59535, 60504, 66380, 68805, 71200, 73207, 74130, 78373, 80000, 87007]
Current Time in Milliseconds = 1605226121298

[5325, 7575, 13826, 20539, 24289, 28640, 29312, 42583, 46897, 48781, 50388, 51646, 52737, 54519, 60540, 61563, 63293, 67006, 73278, 80837, 84462, 91637, 93600, 93725, 95515]
Current Time in Milliseconds = 1605226121298

[2771, 12034, 12051, 12180, 12452, 13195, 20858, 27557, 28594, 31937, 35265, 36641, 40017, 41404, 43230, 45198, 45506, 46869, 52531, 58623, 75928, 86341, 92198, 97533, 98932]
Current Time in Milliseconds = 1605226121298

[805, 6952, 7560, 8918, 15640, 22099, 23078, 25036, 30595, 32487, 32950, 37221, 43850, 48994, 51169, 56086, 57417, 61136, 64240, 71394, 73880, 74185, 74225, 82737, 98845]
Current Time in Milliseconds = 1605226121308

[17419, 20755, 30419, 30736, 35841, 36273, 38474, 40288, 44465, 47706, 50307, 54126, 54197, 59961, 75274, 76513, 77953, 78408, 80181, 81275, 83212, 84243, 85096, 88005, 94041]
Current Time in Milliseconds = 1605226121309

[4392, 7753, 9103, 13807, 19029, 32773, 36696, 38240, 38512, 38764, 52134, 53229, 55050, 56901, 57895, 63816, 71679, 75269, 80411, 82616, 87161, 88468, 96736, 99149, 99581]
Current Time in Milliseconds = 1605226121310

[2975, 3468, 4731, 4974, 9060, 14989, 20119, 22855, 24336, 29895, 32053, 32297, 35405, 44104, 45552, 51805, 54597, 54677, 67649, 71408, 74866, 83676, 84098, 88508, 98430]
Current Time in Milliseconds = 1605226121311

[883, 1572, 5019, 9365, 10782, 12841, 20493, 21519, 23836, 39457, 42616, 48676, 62995, 65702, 68457, 69612, 71902, 81357, 82983, 83119, 86288, 87027, 92294, 94380, 96639]
Current Time in Milliseconds = 1605226121311

[5199, 5686, 7896, 10616, 13380, 13570, 21038, 22957, 23404, 32824, 36141, 37771, 39437, 47115, 68072, 69407, 71423, 71826, 75242, 78657, 86132, 86394, 87963, 92492, 94797]
Current Time in Milliseconds = 1605226121311

[2771, 4663, 13860, 21235, 22953, 29915, 34192, 38002, 42528, 42677, 51263, 55566, 71534, 72710, 76189, 76478, 81457, 85761, 88857, 92263, 94033, 95435, 96229, 97554, 97558]
Current Time in Milliseconds = 1605226121312

